"gender" 2 2 2 2 2 2 2 2 2 2 2 2 2 2 2 1 2 2 1 2 1 2 1 1 2 1 2 1 2 1 2 1 1 2 2 1 1 1 1 1 2 1 1 1 2 1 2 2 2 2 2 1 2 1 1 1 1 2 2 1 2 1 2 1 1 1 2 2 1 1 2 1 2 1 2 1 2 2 1 1 2 2 2 2 2 2 2 1 2 2 1 2 2 1 1 1 2 2 1 2 2 2 2 2 1 1 2 2 1 2 2 1 2 1 2 2 2 1 2 1 2 2 2 2 1 2 1 2 1 2 1 1 2 1 2 2 2 2 2 1 2 2 1 2 1 2 1 2 1 2 2 2 2 2 2 1 2 2 1 2 1 1 2 1 2 2 2 2 2 2 2 1 2 2 1 1 2 2 2 2 2 2 2 2 1 2 1 2 1 2 2 1 1 2 2 2 1 2 1 2 1 2 1 2 1 1 2 2 2 2 1 2 1 2 1 2 2 2 1 1 2 2 2 1 2 2
"situation" 1 1 1 1 1 1 1 1 1 1 1 1 1 1 1 1 1 1 1 1 2 2 2 1 2 2 1 2 1 2 2 2 2 2 1 2 2 3 2 2 2 1 1 2 2 2 2 1 1 1 2 2 1 1 1 2 1 1 1 2 2 2 2 2 1 1 1 1 2 2 2 2 2 2 2 2 2 2 2 2 2 2 1 1 1 1 2 2 2 1 2 1 2 2 1 2 2 1 2 2 2 1 1 1 1 1 1 1 2 1 2 2 1 2 2 1 2 2 2 2 2 1 1 1 2 2 2 1 2 2 1 2 2 2 2 1 2 1 1 1 1 3 2 2 2 2 2 2 2 2 1 3 1 1 2 2 2 1 2 2 1 1 3 2 1 1 1 1 1 1 1 3 1 3 1 2 2 2 2 1 1 2 1 1 2 2 2 2 2 3 1 2 2 2 1 1 1 2 2 3 2 1 1 2 2 2 1 1 1 1 2 3 2 2 2 2 2 2 2 2 2 1 2 2 1 2
"tea" 0 1 0 0 2 2 2 0 0 0 0 2 0 2 0 0 0 0 0 0 0 2 2 0 3 3 0 4 1 0 0 0 0 1 0 1 0 0 1 0 0 0 0 0 0 0 0 0 0 0 0 0 2 0 0 0 0 0 0 0 2 0 2 0 0 0 0 0 4 0 0 0 1 0 0 0 0 0 0 0 4 0 0 0 2 3 0 0 4 2 0 0 0 0 0 0 0 0 3 3 0 0 0 1 0 0 4 2 0 0 2 2 0 0 0 0 9 2 4 0 2 1 0 0 0 2 2 0 0 0 0 0 0 0 0 0 2 10 0 0 1 0 0 2 0 0 0 0 0 0 0 0 0 0 3 0 1 0 0 0 0 0 0 4 1 0 0 0 0 2 0 0 0 2 0 0 0 0 0 0 0 0 0 3 0 2 0 6 0 1 0 0 0 0 2 0 0 0 0 0 0 3 0 0 0 4 0 5 0 2 4 0 0 1 0 0 0 2 0 0 2 0 0 0 0 2
"coffee" 0 1 4 0 1 0 0 2 3 2 2 0 3 0 2 3 2 2 1 0 1 2 2 4 1 2 0 5 1 2 1 3 3 2 2 0 5 0 2 3 3 0 1 0 0 1 2 1 2 0 3 4 1 2 3 2 2 2 1 0 0 2 1 2 3 2 3 2 1 3 2 3 2 2 0 1 5 1 0 3 1 2 0 2 0 0 2 2 0 0 0 2 2 2 2 2 2 4 0 0 2 2 0 1 0 0 0 1 2 2 0 0 0 0 0 1 0 1 1 2 0 1 3 2 1 3 3 2 1 2 1 3 3 3 2 2 1 1 2 3 0 0 3 0 3 3 3 3 2 4 3 1 3 4 0 2 2 3 2 0 1 5 3 0 1 3 2 2 0 0 0 2 5 1 3 2 2 1 3 2 2 1 1 1 1 1 2 0 2 0 2 2 2 1 1 2 2 3 2 1 0 1 2 1 1 2 2 1 3 2 1 2 3 0 1 1 5 0 0 5 1 1 3 2 2 0
"height" 151 162 162 154 154 159 160 163 154 160 175 165 158 155 154 166 159 157 165 156 175 161 168 168 156 170 162 172 165 171 160 176 164 156 153 159 170 178 172 186 168 181 172 160 155 172 160 158 160 164 153 169 165 166 176 180 174 160 160 188 160 179 157 188 174 173 160 150 170 180 152 162 152 165 154 173 153 175 177 172 167 155 162 156 152 156 160 170 164 160 175 161 168 175 186 176 158 167 186 165 168 156 164 163 170 172 162 163 178 148 155 168 165 163 154 163 159 181 154 172 163 158 150 153 170 164 165 151 172 153 173 188 160 174 150 168 162 158 140 172 156 160 170 165 163 160 165 156 178 160 171 156 150 162 164 178 166 151 169 155 176 171 165 176 158 153 155 155 169 148 156 166 155 154 164 175 162 158 154 160 163 152 163 170 182 163 170 158 182 164 156 172 162 150 160 152 165 155 168 154 176 154 168 163 177 168 171 160 168 160 177 160 165 157 176 151 153 165 171 167 157 160 163 170 154 159
"weight" 58 60 75 45 50 66 66 66 60 77 68 75 53 63 80 80 57 55 57 90 90 68 83 90 56 70 58 80 75 81 54 82 53 58 70 70 60 87 86 95 77 94 62 55 50 81 62 51 49 70 60 68 65 66 85 79 75 60 67 82 83 67 57 96 74 75 60 55 76 90 60 74 64 90 42 80 59 50 63 79 70 52 58 54 44 58 62 69 80 53 75 56 70 85 85 75 73 69 63 67 69 57 90 45 77 74 51 75 80 50 71 65 60 71 50 61 68 76 53 75 58 42 56 48 55 54 64 38 78 64 75 75 58 73 40 63 55 63 56 74 54 60 75 69 70 50 75 53 82 75 72 64 60 53 67 66 55 60 74 45 75 74 75 82 55 69 64 65 60 60 52 92 57 78 78 56 71 65 51 70 72 53 62 61 74 68 75 62 90 64 68 91 75 48 65 54 54 63 67 63 74 53 67 61 80 73 65 62 64 48 67 80 76 80 73 48 53 64 85 76 58 73 62 74 45 63
"age" 72 68 78 91 65 82 74 73 89 87 91 81 89 79 83 78 74 74 78 78 73 76 85 73 77 74 67 68 69 71 67 76 69 67 69 85 74 78 73 74 69 71 85 70 73 74 77 69 76 79 65 66 85 90 75 78 87 88 89 70 71 76 72 88 68 72 78 67 76 68 69 67 66 79 78 74 71 77 78 78 75 67 74 76 73 72 78 84 65 71 70 71 69 77 74 86 79 71 72 70 66 68 68 74 72 73 78 89 67 87 81 70 77 86 78 70 74 78 76 76 67 67 77 72 74 75 78 66 84 82 80 75 69 69 70 69 65 75 84 81 79 76 71 77 70 70 73 71 76 69 75 80 76 65 67 70 76 72 77 73 77 70 73 66 85 72 78 82 75 73 72 79 69 66 75 75 73 69 76 72 72 78 68 83 75 70 74 75 66 77 72 73 65 73 81 69 70 71 73 74 72 71 69 66 74 67 76 84 84 78 76 71 80 79 66 66 69 75 73 82 77 74 68 71 77 69
"mea" 4 5 3 0 5 4 3 4 4 2 5 5 4 3 3 5 3 3 5 5 5 4 4 3 3 3 4 5 4 4 4 3 5 5 5 3 4 3 2 4 4 3 5 5 5 5 3 5 3 3 3 3 5 3 5 1 3 3 3 4 3 5 5 3 3 5 4 5 4 5 5 5 5 5 3 3 4 3 3 4 4 3 3 4 3 3 3 3 3 3 3 4 4 4 2 4 4 5 4 4 3 4 3 4 4 4 5 3 5 5 5 5 5 4 4 5 4 4 4 3 2 1 4 3 5 5 5 4 3 3 4 5 5 4 4 3 3 5 3 5 3 4 4 5 5 3 3 5 5 4 5 3 3 4 4 4 4 3 3 3 3 5 3 3 3 3 2 4 3 3 4 5 2 4 3 5 5 2 4 5 5 3 3 1 3 3 3 3 5 5 3 2 4 5 4 3 3 4 4 5 3 3 3 2 2 2 3 3 3 5 4 3 5 5 4 4 4 4 4 3 3 4 4 4 4 3
"fish" 3 2 1 4 3 2 3 2 3 3 2 2 2 1 3 0 2 2 2 1 1 2 2 2 2 2 3 3 3 2 4 3 3 3 0 1 2 2 5 3 3 2 3 3 1 1 2 1 3 3 3 3 5 2 5 3 3 1 4 3 3 2 2 3 5 3 3 2 3 3 3 3 3 2 2 3 3 4 4 2 2 1 2 2 3 4 3 0 2 3 3 3 3 3 4 2 2 4 3 3 3 2 2 3 4 1 1 3 3 2 2 2 3 2 2 1 3 3 3 4 4 2 2 3 2 3 3 4 3 2 3 3 3 3 3 3 3 2 1 1 5 3 2 2 3 2 2 1 2 2 3 3 3 3 3 3 3 3 2 3 3 2 3 3 3 3 0 4 3 1 2 2 1 3 3 3 3 2 3 3 3 2 3 5 3 3 3 3 2 3 3 4 2 3 3 3 3 3 3 2 3 1 3 2 2 4 3 3 3 3 5 3 1 1 3 3 3 3 3 3 3 3 3 3 3 3
"raw_fruits" 1 5 5 4 5 5 5 5 5 5 5 2 5 5 5 5 5 5 5 5 5 5 5 4 5 5 5 5 5 5 5 3 5 5 5 5 5 4 5 5 5 5 5 5 5 5 3 5 5 4 3 1 5 5 5 5 5 5 3 5 5 5 1 5 5 5 5 5 5 5 5 5 3 5 2 4 5 5 5 5 5 5 1 5 5 5 4 4 3 5 5 4 5 5 5 4 4 5 5 5 5 4 3 5 5 5 5 5 2 5 1 1 5 4 4 2 2 5 5 5 5 5 2 4 5 5 5 5 5 5 5 5 5 5 5 4 5 5 3 5 5 5 5 5 5 5 5 5 5 2 5 5 5 5 5 5 5 5 5 5 5 0 5 5 3 1 5 5 5 3 0 5 2 3 5 5 5 5 5 5 5 5 3 5 5 5 5 5 5 5 5 5 4 5 4 5 5 5 5 5 5 3 5 5 5 5 5 4 5 5 1 4 5 5 5 4 5 5 5 5 5 5 4 4 3 5
"cooked_fruits_veg" 4 5 2 0 5 5 5 5 5 4 5 3 5 3 5 3 3 5 5 5 3 5 5 5 3 3 5 5 5 5 3 5 5 5 5 4 5 3 5 5 5 3 5 5 5 5 5 5 5 5 4 4 5 3 2 5 5 3 5 4 4 3 5 5 5 3 3 5 4 5 4 4 5 5 5 5 5 5 5 5 5 4 5 5 0 5 5 5 3 5 5 5 4 4 5 5 5 5 4 4 5 4 2 5 1 3 4 5 3 5 5 5 5 5 5 5 5 5 5 5 5 2 5 4 5 5 5 5 5 5 4 5 5 5 5 5 5 5 3 5 5 2 5 5 5 5 5 5 5 5 5 5 3 5 5 5 5 5 2 5 5 3 5 5 4 4 3 1 4 4 5 5 4 5 5 5 5 5 5 5 5 5 5 5 4 4 4 4 3 5 3 4 5 5 5 3 2 5 5 5 3 1 5 3 3 3 5 5 3 5 5 4 5 5 5 5 5 4 4 4 4 5 4 4 5 5
"chocol" 5 1 5 3 3 1 5 1 5 0 5 0 5 2 1 0 1 2 5 2 2 1 1 0 0 0 0 5 5 5 2 5 1 5 3 5 5 2 1 5 5 5 0 5 0 0 0 1 3 0 3 1 3 0 0 1 5 0 1 0 3 3 5 0 5 5 1 0 1 5 1 2 5 5 1 5 5 4 0 1 1 0 0 3 5 0 4 0 1 0 3 5 5 5 0 0 0 5 4 5 5 3 1 5 5 5 5 1 3 5 1 1 5 5 5 5 0 5 5 1 3 5 0 4 1 1 1 5 1 1 2 5 1 5 5 1 1 5 4 3 0 2 3 1 2 1 1 0 5 1 1 1 1 5 1 1 0 1 2 0 3 2 1 0 3 2 0 0 2 3 5 0 5 0 0 1 0 5 0 0 0 3 0 5 2 2 1 0 1 4 1 1 1 5 4 4 1 0 0 0 3 4 1 4 4 0 5 5 5 3 0 1 1 1 1 5 1 5 1 5 5 1 1 1 3 1
"fat" 6 4 4 2 2 3 6 6 6 3 3 6 4 4 3 4 4 3 4 4 8 1 1 3 4 4 3 5 3 3 4 6 5 3 5 1 1 1 4 4 4 5 5 2 3 3 4 4 4 5 4 4 5 3 2 1 1 3 4 3 6 2 4 2 5 1 6 3 4 4 4 4 3 5 5 5 5 2 2 3 3 4 4 4 2 5 4 4 5 3 3 2 2 2 5 4 4 5 3 3 1 2 4 6 4 4 4 2 4 4 4 4 4 3 3 4 7 5 5 5 5 3 3 4 1 2 2 2 4 4 5 4 4 4 4 3 3 4 3 2 5 4 3 3 3 3 3 4 4 3 2 1 6 2 6 6 1 4 4 2 5 1 4 5 3 5 3 6 6 4 4 8 4 4 5 8 8 3 4 3 3 4 6 5 6 6 2 2 5 5 1 5 3 4 3 2 2 4 4 6 1 3 3 6 6 5 5 2 5 4 3 2 5 4 5 5 5 5 5 6 6 6 3 3 5 4
